# Run 4
(0) 1 2 3 4 (7) [1 + 1 + 1 + 1]
(0)   2 3 4 (7) [2 + 1 + 1]
(0) 1   3 4 (7) [1 + 2 + 1]
(0) 1 2   4 (7) [1 + 1 + 2]
(0)     3 4 (7) [3 + 1]
(0) 1     4 (7) [1 + 3]
(0)   2   4 (7) [2 + 2]

# Run 5
(0) 1 2 3 4 5 (8)
(0)   2 3 4 5 (8)
(0) 1   3 4 5 (8)
(0) 1 2   4 5 (8)
(0) 1 2 3   5 (8) *
(0)     3 4 5 (8)
(0) 1     4 5 (8)
(0) 1 2     5 (8) *
(0)   2   4 5 (8)
(0) 1   3   5 (8) *
(0)   2 3   5 (8) *
(0)   2     5 (8) *
(0)     3   5 (8) *

# Run 6
(0) 1 2 3 4 5 6 (9) [1 + 1 + 1 + 1 + 1 + 1]
(0)   2 3 4 5 6 (9) [2 + 1 + 1 + 1 + 1]
(0) 1   3 4 5 6 (9) [1 + 2 + 1 + 1 + 1]
(0) 1 2   4 5 6 (9) [1 + 1 + 2 + 1 + 1]
(0) 1 2 3   5 6 (9) [1 + 1 + 1 + 2 + 1]
(0) 1 2 3 4   6 (9) [1 + 1 + 1 + 1 + 2] *
(0)     3 4 5 6 (9) [3 + 1 + 1 + 1]
(0) 1     4 5 6 (9) [1 + 3 + 1 + 1]
(0) 1 2     5 6 (9) [1 + 1 + 3 + 1]
(0) 1 2 3     6 (9) [1 + 1 + 1 + 3] *
(0)   2   4 5 6 (9) [2 + 2 + 1 + 1]
(0) 1   3   5 6 (9) [1 + 2 + 2 + 1]
(0) 1 2   4   6 (9) [1 + 1 + 2 + 2] *
(0)   2 3   5 6 (9) [2 + 1 + 2 + 1]
(0) 1   3 4   6 (9) [1 + 2 + 1 + 2] *
(0)   2 3 4   6 (9) [2 + 1 + 1 + 2] *
(0)   2   4   6 (9) [2 + 2 + 2] *
(0)     3   5 6 (9) [3 + 2 + 1]
(0) 1     4   6 (9) [1 + 3 + 2] *
(0)   2 3     6 (9) [2 + 1 + 3] *
(0)   2     5 6 (9) [2 + 3 + 1]
(0) 1   3     6 (9) [1 + 2 + 3] *
(0)     3 4   6 (9) [3 + 1 + 2] *
(0)     3     6 (9) [3 + 3] *

Antal med längd n:
 f(n) = f(n-1) + f(n-2) + f(n-3) = 2*f(n-1) - f(n-4)
